Route1: 	40[ 9 , 0 ] - 73[ 9 , 0 ] - 74[ 8 , 0 ] - 22[ 18 , 0 ] - 41[ 5 , 0 ] - 23[ 29 , 0 ] - 67[ 25 , 0 ] - 39[ 31 , 0 ] - 56[ 6 , 0 ] - 75[ 18 , 0 ] - 72[ 25 , 0 ] - 21[ 11 , 0 ] - DEPOT
Maxload: 194	Capacity: 200

Route2: 	52[ 9 , 0 ] - 7[ 5 , 0 ] - 82[ 16 , 0 ] - 48[ 36 , 0 ] - 19[ 17 , 0 ] - 11[ 12 , 0 ] - 64[ 9 , 0 ] - 49[ 30 , 0 ] - 36[ 5 , 0 ] - 47[ 27 , 0 ] - 46[ 1 , 0 ] - 8[ 9 , 0 ] - 83[ 11 , 0 ] - 18[ 12 , 0 ] - DEPOT
Maxload: 199	Capacity: 200

Route3: 	94[ 27 , 0 ] - 95[ 20 , 0 ] - 97[ 12 , 0 ] - 87[ 26 , 0 ] - 13[ 23 , 0 ] - DEPOT
Maxload: 108	Capacity: 200

Route4: 	53[ 14 , 0 ] - 26[ 17 , 0 ] - 4[ 19 , 0 ] - 25[ 6 , 0 ] - 55[ 2 , 0 ] - 54[ 18 , 0 ] - 24[ 3 , 0 ] - 29[ 9 , 0 ] - 68[ 36 , 0 ] - 80[ 6 , 0 ] - 12[ 19 , 0 ] - 28[ 16 , 0 ] - DEPOT
Maxload: 165	Capacity: 200

Route5: 	27[ 16 , 0 ] - 69[ 6 , 0 ] - 1[ 10 , 0 ] - 70[ 5 , 0 ] - 30[ 21 , 0 ] - 20[ 9 , 0 ] - 66[ 25 , 0 ] - 32[ 23 , 0 ] - 90[ 3 , 0 ] - 63[ 10 , 0 ] - 10[ 16 , 0 ] - 62[ 19 , 0 ] - 88[ 9 , 0 ] - 31[ 27 , 0 ] - DEPOT
Maxload: 199	Capacity: 200

Route6: 	76[ 13 , 0 ] - 77[ 14 , 0 ] - 3[ 13 , 0 ] - 79[ 23 , 0 ] - 78[ 3 , 0 ] - 34[ 14 , 0 ] - 35[ 8 , 0 ] - 65[ 20 , 0 ] - 71[ 15 , 0 ] - 9[ 16 , 0 ] - 51[ 10 , 0 ] - 81[ 26 , 0 ] - 33[ 11 , 0 ] - 50[ 13 , 0 ] - DEPOT
Maxload: 199	Capacity: 200

Route7: 	92[ 2 , 0 ] - 98[ 10 , 0 ] - 37[ 8 , 0 ] - 100[ 17 , 0 ] - 91[ 1 , 0 ] - 16[ 19 , 0 ] - 86[ 35 , 0 ] - 38[ 16 , 0 ] - 44[ 18 , 0 ] - 14[ 20 , 0 ] - 42[ 5 , 0 ] - 43[ 7 , 0 ] - 15[ 8 , 0 ] - 57[ 7 , 0 ] - 2[ 7 , 0 ] - 58[ 18 , 0 ] - DEPOT
Maxload: 198	Capacity: 200

Route8: 	89[ 15 , 0 ] - 60[ 3 , 0 ] - 5[ 26 , 0 ] - 84[ 7 , 0 ] - 45[ 16 , 0 ] - 17[ 2 , 0 ] - 61[ 13 , 0 ] - 85[ 41 , 0 ] - 93[ 22 , 0 ] - 59[ 28 , 0 ] - 99[ 9 , 0 ] - 96[ 11 , 0 ] - 6[ 3 , 0 ] - DEPOT
Maxload: 196	Capacity: 200

